0.460899
0.451305
0.442132
0.433364
0.424981
0.416966
0.409303
0.401977
0.394973
0.388275
0.381871
0.375748
0.369893
0.364294
0.358939
0.353819
0.348922
0.344239
0.33976
0.335476
0.331379
0.32746
0.323711
0.320124
0.316694
0.313412
0.310272
0.307267
0.304393
0.301642
0.29901
0.296491
0.294081
0.291774
0.289565
0.287452
0.285428
0.283491
0.281637
0.279861
0.278161
0.276533
0.274974
0.27348
0.27205
0.270679
0.269367
0.268109
0.266904
0.265749
0.264642
0.263581
0.262564
0.261588
0.260653
0.259757
0.258897
0.258072
0.257281
0.256522
0.255793
0.255094
0.254423
0.253778
0.25316
0.252566
0.251995
0.251447
0.25092
0.250414
0.249927
0.249459
0.249009
0.248577
0.248161
0.24776
0.247375
0.247004
0.246646
0.246302
0.245971
0.245652
0.245344
0.245047
0.244761
0.244485
0.244219
0.243962
0.243714
0.243474
0.243243
0.243019
0.242803
0.242594
0.242392
0.242197
0.242008
0.241825
0.241647
0.241475
0.241309
0.241147
0.240991
0.240839
0.240692
0.240548
0.240409
0.240274
0.240143
0.240016
0.239892
0.239771
0.239653
0.239539
0.239427
0.239319
0.239213
0.239109
0.239009
0.23891
0.238814
0.23872
0.238629
0.238539
0.238452
0.238366
0.238282
0.2382
0.238119
0.238041
0.237963
0.237888
0.237814
0.237741
0.237669
0.237599
0.23753
0.237462
0.237396
0.23733
0.237266
0.237203
0.23714
0.237079
0.237019
0.236959
0.236901
0.236843
0.236786
0.23673
0.236675
0.23662
0.236566
0.236513
0.23646
0.236409
0.236357
0.236307
0.236257
0.236207
0.236158
0.23611
0.236062
0.236015
0.235968
0.235922
0.235876
0.23583
0.235785
0.235741
0.235697
0.235653
0.235609
0.235567
0.235524
0.235482
0.23544
0.235398
0.235357
0.235316
0.235276
0.235236
0.235196
0.235156
0.235117
0.235078
0.235039
0.235001
0.234962
0.234924
0.234887
0.234849
0.234812
0.234775
0.234738
0.234702
0.234666
0.23463
0.234594
0.234558
0.234523
0.234488
0.234453
0.234418
0.234383
0.234349
0.234315
0.23428
0.234247
0.234213
0.234179
0.234146
0.234113
0.23408
0.234047
0.234014
0.233982
0.233949
0.233917
0.233885
0.233853
0.233821
0.23379
0.233758
0.233727
0.233696
0.233665
0.233634
0.233603
0.233572
0.233542
0.233511
0.233481
0.233451
0.233421
0.233391
0.233361
0.233331
0.233302
0.233272
0.233243
0.233213
0.233184
0.233155
0.233126
0.233097
0.233069
0.23304
0.233012
0.232983
0.232955
0.232927
0.232898
0.23287
0.232842
0.232815
0.232787
0.232759
0.232732
0.232704
0.232677
0.232649
0.232622
0.232595
0.232568
0.232541
0.232514
0.232487
0.23246
0.232434
0.232407
0.232381
0.232354
0.232328
0.232302
0.232275
0.232249
0.232223
0.232197
0.232171
0.232146
0.23212
0.232094
0.232068
0.232043
0.232017
0.231992
0.231967
0.231941
0.231916
0.231891
0.231866
0.231841
0.231816
0.231791
0.231766
0.231741
0.231717
0.231692
0.231667
0.231643
0.231618
0.231594
0.231569
0.231545
0.231521
0.231497
0.231472
0.231448
0.231424
0.2314
0.231376
0.231352
0.231328
0.231305
0.231281
0.231257
0.231234
0.23121
0.231186
0.231163
0.231139
0.231116
0.231093
0.231069
0.231046
0.231023
0.231
0.230976
0.230953
0.23093
0.230907
0.230884
0.230861
0.230839
0.230816
0.230793
0.23077
0.230747
0.230725
0.230702
0.23068
0.230657
0.230634
0.230612
0.23059
0.230567
0.230545
0.230523
0.2305
0.230478
0.230456
0.230434
0.230411
0.230389
0.230367
0.230345
0.230323
0.230301
0.230279
0.230258
0.230236
0.230214
0.230192
0.23017
0.230149
0.230127
0.230105
0.230084
0.230062
0.23004
0.230019
0.229997
0.229976
0.229954
0.229933
0.229912
0.22989
0.229869
0.229848
0.229827
0.229805
0.229784
0.229763
0.229742
0.229721
0.2297
0.229679
0.229657
0.229636
0.229615
0.229595
0.229574
0.229553
0.229532
0.229511
0.22949
0.229469
0.229449
0.229428
0.229407
0.229387
0.229366
0.229345
0.229325
0.229304
0.229283
0.229263
0.229242
0.229222
0.229201
0.229181
0.229161
0.22914
0.22912
0.229099
0.229079
0.229059
0.229039
0.229018
0.228998
0.228978
0.228958
0.228937
0.228917
0.228897
0.228877
0.228857
0.228837
0.228817
0.228797
0.228777
0.228757
0.228737
0.228717
0.228697
0.228677
0.228657
0.228638
0.228618
0.228598
0.228578
0.228558
0.228539
0.228519
0.228499
0.228479
0.22846
0.22844
0.22842
0.228401
0.228381
0.228362
0.228342
0.228323
0.228303
0.228283
0.228264
0.228245
0.228225
0.228206
0.228186
0.228167
0.228147
0.228128
0.228109
0.228089
0.22807
0.228051
0.228032
0.228012
0.227993
0.227974
0.227955
0.227935
0.227916
0.227897
0.227878
0.227859
0.22784
0.227821
0.227801
0.227782
0.227763
0.227744
0.227725
0.227706
0.227687
0.227668
0.227649
0.22763
0.227612
0.227593
0.227574
0.227555
0.227536
0.227517
0.227498
0.22748
0.227461
0.227442
0.227423
0.227404
0.227386
0.227367
0.227348
0.22733
0.227311
0.227292
0.227274
0.227255
0.227236
0.227218
0.227199
0.227181
0.227162
0.227144
0.227125
0.227106
0.227088
0.227069
0.227051
0.227033
0.227014
0.226996
0.226977
0.226959
0.22694
0.226922
0.226904
0.226885
0.226867
0.226849
0.22683
0.226812
0.226794
0.226775
0.226757
0.226739
0.226721
0.226703
0.226684
0.226666
0.226648
0.22663
0.226612
0.226593
0.226575
0.226557
0.226539
0.226521
0.226503
0.226485
0.226467
0.226449
0.226431
0.226413
0.226395
0.226377
0.226359
0.226341
0.226323
0.226305
0.226287
0.226269
0.226251
0.226233
0.226215
0.226198
0.22618
0.226162
0.226144
0.226126
0.226108
0.226091
0.226073
0.226055
0.226037
0.22602
0.226002
0.225984
0.225966
0.225949
0.225931
0.225913
0.225896
0.225878
0.22586
0.225843
0.225825
0.225808
0.22579
0.225772
0.225755
0.225737
0.22572
0.225702
0.225685
0.225667
0.22565
0.225632
0.225615
0.225597
0.22558
0.225562
0.225545
0.225527
0.22551
0.225493
0.225475
0.225458
0.225441
0.225423
0.225406
0.225388
0.225371
0.225354
0.225337
0.225319
0.225302
0.225285
0.225267
0.22525
0.225233
0.225216
0.225199
0.225181
0.225164
0.225147
0.22513
0.225113
0.225096
0.225078
0.225061
0.225044
0.225027
0.22501
0.224993
0.224976
0.224959
0.224942
0.224925
0.224908
0.224891
0.224874
0.224857
0.22484
0.224823
0.224806
0.224789
0.224772
0.224755
0.224738
0.224721
0.224704
0.224687
0.22467
0.224653
0.224637
0.22462
0.224603
0.224586
0.224569
0.224552
0.224536
0.224519
0.224502
0.224485
0.224469
0.224452
0.224435
0.224418
0.224402
0.224385
0.224368
0.224352
0.224335
0.224318
0.224302
0.224285
0.224268
0.224252
0.224235
0.224218
0.224202
0.224185
0.224169
0.224152
0.224136
0.224119
0.224102
0.224086
0.224069
0.224053
0.224036
0.22402
0.224003
0.223987
0.22397
0.223954
0.223938
0.223921
0.223905
0.223888
0.223872
0.223856
0.223839
0.223823
0.223806
0.22379
0.223774
0.223757
0.223741
0.223725
0.223709
0.223692
0.223676
0.22366
0.223643
0.223627
0.223611
0.223595
0.223578
0.223562
0.223546
0.22353
0.223514
0.223497
0.223481
0.223465
0.223449
0.223433
0.223417
0.223401
0.223385
0.223368
0.223352
0.223336
0.22332
0.223304
0.223288
0.223272
0.223256
0.22324
0.223224
0.223208
0.223192
0.223176
0.22316
0.223144
0.223128
0.223112
0.223096
0.22308
0.223064
0.223048
0.223033
0.223017
0.223001
0.222985
0.222969
0.222953
0.222937
0.222922
0.222906
0.22289
0.222874
0.222858
0.222842
0.222827
0.222811
0.222795
0.222779
0.222764
0.222748
0.222732
0.222716
0.222701
0.222685
0.222669
0.222654
0.222638
0.222622
0.222607
0.222591
0.222575
0.22256
0.222544
0.222529
0.222513
0.222497
0.222482
0.222466
0.222451
0.222435
0.22242
0.222404
0.222389
0.222373
0.222358
0.222342
0.222327
0.222311
0.222296
0.22228
0.222265
0.222249
0.222234
0.222218
0.222203
0.222188
0.222172
0.222157
0.222141
0.222126
0.222111
0.222095
0.22208
0.222065
0.222049
0.222034
0.222019
0.222003
0.221988
0.221973
0.221958
0.221942
0.221927
0.221912
0.221897
0.221881
0.221866
0.221851
0.221836
0.22182
0.221805
0.22179
0.221775
0.22176
0.221745
0.22173
0.221714
0.221699
0.221684
0.221669
0.221654
0.221639
0.221624
0.221609
0.221594
0.221579
0.221564
0.221548
0.221533
0.221518
0.221503
0.221488
0.221473
0.221458
0.221443
0.221429
0.221414
0.221399
0.221384
0.221369
0.221354
0.221339
0.221324
0.221309
0.221294
0.221279
0.221264
0.22125
0.221235
0.22122
0.221205
0.22119
0.221175
0.221161
0.221146
0.221131
0.221116
0.221101
0.221087
0.221072
0.221057
0.221042
0.221028
0.221013
0.220998
0.220984
0.220969
0.220954
0.220939
0.220925
0.22091
0.220895
0.220881
0.220866
0.220851
0.220837
0.220822
0.220808
0.220793
0.220778
0.220764
0.220749
0.220735
0.22072
0.220706
0.220691
0.220677
0.220662
0.220647
0.220633
0.220619
0.220604
0.22059
0.220575
0.220561
0.220546
0.220532
0.220517
0.220503
0.220488
0.220474
0.22046
0.220445
0.220431
0.220416
0.220402
0.220388
0.220373
0.220359
0.220345
0.22033
0.220316
0.220302
0.220287
0.220273
0.220259
0.220244
0.22023
0.220216
0.220202
0.220187
0.220173
0.220159
0.220145
0.22013
0.220116
0.220102
0.220088
0.220074
0.220059
0.220045
0.220031
0.220017
0.220003
0.219989
0.219975
0.21996
0.219946
0.219932
0.219918
0.219904
0.21989
0.219876
0.219862
0.219848
0.219834
0.21982
0.219806
0.219792
0.219778
0.219764
0.21975
0.219736
0.219722
0.219708
0.219694
0.21968
0.219666
0.219652
0.219638
0.219624
0.21961
0.219596
0.219582
0.219568
0.219554
0.219541
0.219527
0.219513
0.219499
0.219485
0.219471
0.219457
0.219444
0.21943
0.219416
